m,27,1,2,3,4,5,6,7,8,9,10,11,12,13,14,15,16,17,18,19,20,21,22,23,24,25,26,27,1,2,3,4,5,6,7,8,9,10,11,12,13,14,15,16,17,18,19,20,21,22,23,24,25,26,27,1,2,3,4,5,6,7,8,9,10,11,12,13,14,15,16,17,18,19,20,21,22,23,24,25,26,27

FIFO:,83
RAND:,73
LRU:,,83

m,27,1,2,3,4,5,6,7,8,9,10,11,12,13,1,2,3,4,5,6,14,15,16,17,18,19,1,2,3,4,5,6,7,8,9,10,11,12,13,14,15,16,17,18,19,20,21,22,23,24,25,26,27

FIFO:,48
RAND:,36
LRU:,,46

2,27,9,27,4,16,1,21,8,20,13,3,2,15,8,25,20,9,26,8,7,21,16,13,20,9,13,20,10,17,25,13,4,13,9,20,7,20,6,11,10,19,12,22,11,11,24,2,11,3,25,5,22,17,3,13,7,3,9,16,5,7,24,5,7,5,11,10,20,5,3,22,21,23,7,10,16,15,1,7,25,15,23,11,10,11,5,18,18,13,10,27,13,10,11,3,1,10,15,19,10,10,1,18,3,11,20,12,18,15,4,18,15,24,7,4,21,15,4,25,17,17,7,25,24,20,11,21,1,12,9,14,10,18,6,22,10,14,24,1,13,3,13,21,13,12,12,25,5,27,22,9,19,12,14,1,24,19,10,1,7,5,3,11,25,24,10,7,19,10,1,27,21,8,19,23,9,13,4,11,1,18,11,13,26,25,10,4,8,13,25,23,11,12,9,7,24,18,22,21,12,6,21,22,14,8,22,22,21,18,14,10,7,25,1,19,9,15,17,4,14,26,11,2,18,21,8,18,1,17,20,20,22,6,15,22,24,5,17,8,27,3,19,7,4,5,26,11,21,8

FIFO:114
RAND:126
LRU:119


5,3,9,1,10,11,5,2,15,4,10,1,3,7,16,9,1,16,3,3,10,4,1,9,7,11,12,9,1,1,16,1,12,1,11,14,9,16,4,16,4,14,15,3,3,3,8,5,13,5,7,4,12,8,15,14,12,3,6,3,3,3,16,3,14,2,13,15,6,12,3,6,5,3,4,16,5,14,16,4,2,16,14,13,3,10,3,12,6,11,3,6,3,11,6,3,13,2,9,10,2,13,3,8,13,3,8,10,2,3,12,9,7,3,15,10,16,5,9,7,10,12,12,2,14,5,14,5,11,9,3,15,10,7,8,11,8,5,15,6,7,3,5,4,13,13,15,9,16,14,11,6,12,3,8,2,14,7,3,14,12,2,2,16,11,3,16,8,7,5,1,6,7,14,2,11,4,13,12,7,2,16,5,1,4,11,2,10,3,10,8,12,15,2,15,11,15,2,6,2,7,5,5,4,1,12,16,2,1,1,13,13,4,10,2,10,5,5,11,13,16,9,15,7,13,15,10,6,9,7,16,2,12,3,12,9,7,7,16,4,12,12,13,16,2,6,12,12,2,3

FIFO:45
RAND:55
LRU:46


8,7,1,1,7,14,14,8,10,12,14,11,7,4,8,4,14,7,11,2,1,3,3,5,10,9,12,4,10,9,12,14,5,5,4,8,7,7,2,4,14,14,3,11,14,5,8,12,12,11,1,7,1,4,4,1,11,9,10,11,6,2,5,10,3,1,11,13,1,12,3,4,5,11,2,12,4,3,4,7,9,12,12,2,5,12,5,8,8,13,7,11,7,6,11,10,14,4,6,14,8,3,13,4,1,9,13,13,3,8,4,2,4,7,5,4,12,14,8,7,10,10,6,8,1,4,3,2,9,12,14,2,10,6,12,12,11,7,13,12,9,6,2,4,12,4,12,9,5,9,9,2,5,5,5,6,6,13,11,6,2,10,6,6,1,9,7,12,2,12,2,14,2,8,8,4,2,10,1,11,3,11,1,13,2,1,2,12,13,8,8,9,3,12,4,6,13,7,8,13,1,11,8,4,13,3,9,14,9,3,13,12,10,4,11,10,8,10,7,4,10,9,14,4,8,11,8,13,10,11,12,7,14,9,4,2,9,8,2,8,9,2,8,4,1,1,4,4,12,13

FIFO:26
RAND:24
LRU:30


10,7,3,2,3,10,3,2,5,9,4,1,1,10,3,3,5,2,4,9,4,6,7,5,2,1,9,10,4,3,9,2,5,7,8,1,1,4,1,10,2,9,8,4,8,4,2,10,1,4,3,8,10,9,5,7,6,4,5,8,5,4,8,8,2,7,3,9,7,2,10,7,9,6,1,4,10,2,7,10,7,5,4,9,2,9,8,4,8,9,2,1,10,6,9,6,3,4,6,4,15,12,16,12,17,17,13,18,20,18,13,20,18,20,15,18,10,10,16,15,16,13,15,19,12,20,18,16,18,18,16,16,16,14,16,15,20,11,18,15,12,15,13,20,15,16,10,15,15,13,18,10,19,11,11,18,12,12,18,12,13,18,20,11,14,16,17,14,14,16,10,12,10,20,11,10,20,17,19,13,11,15,17,14,14,16,18,13,15,17,10,17,11,16,14,18,20,15,20,20

FIFO:23
RAND:30
LRU:22


14,10,10,12,13,15,16,19,14,17,18,12,20,18,20,19,16,12,11,19,16,20,14,14,13,19,19,20,12,17,14,20,18,10,19,14,11,12,15,20,15,11,18,18,20,12,16,11,11,15,18,17,14,10,14,19,17,11,11,16,12,11,14,13,17,11,17,12,15,14,15,20,13,14,11,11,14,17,15,13,15,10,10,17,17,18,20,15,19,20,11,19,14,16,14,15,19,15,20,10,7,15,5,8,5,6,8,11,10,10,9,8,15,7,14,5,7,8,10,13,7,5,12,7,15,11,6,13,14,11,12,14,15,15,13,9,11,14,7,10,5,10,8,8,15,7,13,5,13,12,6,8,10,7,14,8,8,6,10,5,8,7,12,9,15,13,8,13,6,10,8,8,6,8,5,14,6,7,13,8,7,12,13,10,15,7,14,5,10,5,9,11,12,7,11,7,11,7,11,15


FIFO:13
RAND:13
LRU:13